GRB_name	timebin	E_peak	Epeak_err	Luminosity	Luminosity_err	beta
GRB081118876	0	2.544249	0.037431	5.200607e+01	1.359538e-01	-2.923582
GRB081118876	1	2.288629	0.054766	5.171503e+01	1.214091e-01	-2.987214
GRB081221681	0	2.536952	0.013304	5.239123e+01	4.861650e-02	-3.645138
GRB081221681	1	2.512110	0.012046	5.211867e+01	3.578945e-02	-100.000000
GRB081221681	2	2.543166	0.021539	5.238309e+01	5.571701e-02	-3.503926
GRB081221681	3	2.377268	0.010671	5.216685e+01	3.074642e-02	-3.594454
GRB081221681	4	2.353896	0.021659	5.208332e+01	5.138287e-02	-3.458756
GRB081221681	5	2.277135	0.067362	5.207232e+01	9.428806e-02	-2.833727
GRB081221681	6	2.241723	0.043383	5.181649e+01	7.868201e-02	-3.347333
GRB081221681	7	2.157517	0.027904	5.160327e+01	6.024599e-02	-3.364735
GRB081221681	8	2.043179	0.031766	5.098297e+01	1.114017e-01	-100.000000
GRB081222204	0	2.783418	0.180773	5.271305e+01	1.020309e-01	-1.759571
GRB081222204	1	3.121051	0.137892	5.247242e+01	2.734933e-01	-2.901995
GRB081222204	2	2.831913	0.030154	5.240345e+01	1.321211e-01	-2.945432
GRB081222204	3	2.688727	0.044992	5.173338e+01	1.434193e-01	-100.000000
GRB081222204	4	2.476375	0.137865	5.185569e+01	1.463143e-01	-2.277731
GRB090926914	0	2.371133	0.023865	5.116640e+01	5.390312e-02	-3.459833
GRB090926914	1	2.184811	0.021127	5.086810e+01	5.019250e-02	-3.597997
GRB090926914	2	2.131437	0.049789	5.066053e+01	7.523232e-02	-3.160225
GRB100728439	0	2.532832	0.088008	5.205813e+01	1.353800e-01	-2.169752
GRB100816026	0	2.393869	0.026440	5.158893e+01	3.661296e-02	-2.682299
GRB110213220	0	2.443066	0.097204	5.167708e+01	1.152186e-01	-2.700974
GRB110213220	1	2.307512	0.066729	5.192918e+01	6.999135e-02	-2.814090
GRB110213220	2	2.182580	0.085653	5.174052e+01	7.428968e-02	-2.847714
GRB110213220	3	2.082862	0.104546	5.161529e+01	7.356037e-02	-2.430600
GRB110213220	4	1.782663	0.203639	5.141185e+01	2.976598e-02	-2.057333
GRB110213220	5	1.881437	0.087639	5.108500e+01	6.538094e-02	-2.608071
GRB120326056	0	2.034669	0.439673	5.219443e+01	3.078679e-01	-2.639452
GRB120326056	1	2.022753	0.054884	5.138752e+01	8.232833e-02	-2.792777
GRB120326056	2	1.952977	0.104830	5.118205e+01	1.146318e-01	-2.964294
GRB120729456	0	2.480785	0.168985	5.096785e+01	1.329755e-01	-2.048035
GRB120729456	1	1.994435	0.096440	5.107426e+01	3.506620e-02	-1.701782
GRB120811649	0	2.162969	0.048331	5.195242e+01	7.670446e-02	-2.505937
GRB131011741	0	2.992891	0.086497	5.199692e+01	1.932152e-01	-2.477458
GRB131011741	1	2.496753	0.150597	5.168135e+01	8.371702e-02	-1.963699
GRB140606133	0	3.023384	0.105920	5.090611e+01	1.046362e-01	-100.000000
GRB140606133	1	2.753268	0.133451	5.055726e+01	1.455533e-01	-100.000000
GRB140606133	2	2.930372	0.358952	5.048690e+01	2.591670e-01	-2.813114
GRB140808038	0	2.819536	0.084262	5.247063e+01	2.900956e-01	-2.652831
GRB140808038	1	2.751299	0.028954	5.235680e+01	1.527738e-01	-3.215772
GRB140808038	2	2.635187	0.044810	5.200373e+01	1.522296e-01	-3.373138
GRB141028455	0	3.211330	0.061220	5.314227e+01	4.967203e-02	-1.872953
GRB141028455	1	3.179783	0.080738	5.316037e+01	1.176789e-01	-2.278090
GRB141028455	2	2.878223	0.079305	5.305004e+01	4.899588e-02	-1.898484
GRB141028455	3	3.119000	0.032041	5.309766e+01	6.300318e-02	-2.220754
GRB141028455	4	2.881873	0.042608	5.298512e+01	3.308581e-02	-1.934558
GRB141028455	5	2.962277	0.081668	5.248030e+01	1.875765e-01	-2.506607
GRB141028455	6	2.733914	0.060824	5.249001e+01	5.264383e-02	-1.986130
GRB141028455	7	2.700045	0.143668	5.218473e+01	1.273283e-01	-2.030629
GRB141028455	8	2.733716	0.154387	5.173063e+01	2.024603e-01	-2.355337
GRB091020900	0	3.246972	0.117010	5.191519e+01	1.895680e-01	-100.000000
GRB091020900	1	2.235904	0.183455	5.177284e+01	4.378372e-02	-1.909009
GRB091020900	2	2.658995	0.457863	5.141971e+01	2.096115e-01	-2.632886
GRB100704149	0	2.627902	0.100245	5.236457e+01	2.011775e-01	-2.302604
GRB130518580	0	3.239484	0.039427	5.361573e+01	5.186087e-02	-2.216568
GRB130518580	1	3.229584	0.045398	5.373906e+01	4.122584e-02	-2.113154
GRB130518580	2	3.169951	0.036715	5.339982e+01	8.380941e-02	-2.474599
GRB130518580	3	3.088298	0.046423	5.303433e+01	1.352724e-01	-2.966516
GRB130518580	4	3.270624	0.036538	5.300296e+01	9.135786e-02	-100.000000
GRB130518580	5	3.143237	0.030536	5.288024e+01	8.577270e-02	-100.000000
GRB130518580	6	3.088513	0.041416	5.305948e+01	1.317612e-01	-2.707776
GRB130518580	7	3.034987	0.049216	5.307780e+01	1.071772e-01	-2.284294
GRB130518580	8	3.040962	0.077215	5.266710e+01	1.735779e-01	-2.891617
GRB130518580	9	2.847338	0.074828	5.240303e+01	1.821579e-01	-2.689972
GRB130518580	10	3.001027	0.107953	5.219053e+01	2.539053e-01	-2.604763
GRB130518580	11	2.966372	0.108441	5.157610e+01	2.131882e-01	-100.000000
GRB130518580	12	2.870135	0.441468	5.175168e+01	2.810312e-01	-2.477520
GRB130518580	13	2.823399	0.192731	5.169458e+01	2.630708e-01	-2.934651
GRB120119170	0	2.882384	0.045100	5.249197e+01	8.739197e-02	-2.347947
GRB120119170	1	2.683780	0.050382	5.223604e+01	8.679880e-02	-2.419131
GRB120119170	2	2.858291	0.064802	5.243242e+01	1.140962e-01	-2.339708
GRB120119170	3	2.740733	0.076769	5.203450e+01	1.453169e-01	-2.736187
GRB120119170	4	2.487667	0.122424	5.196998e+01	9.053765e-02	-2.214493
GRB120119170	5	2.519017	0.109220	5.170897e+01	1.706443e-01	-2.437979
GRB120119170	6	2.536088	0.052033	5.175179e+01	9.148238e-02	-2.601570
GRB120119170	7	2.559978	0.132682	5.158424e+01	1.430870e-01	-2.421197
GRB120119170	8	2.416780	0.358743	5.134748e+01	1.231616e-01	-2.138958
GRB081126899_1	0	3.122942	0.038772	5.199352e+01	1.141794e-01	-100.000000
GRB081126899_2	0	3.078526	0.054729	5.177723e+01	1.328547e-01	-100.000000
GRB091208410_1	0	2.561320	0.233957	5.158703e+01	1.436288e-01	-2.177224
GRB091208410_1	1	1.891340	0.083940	5.110950e+01	4.687220e-02	-2.391561
GRB091208410_2	0	2.537386	0.109618	5.225509e+01	7.362274e-02	-2.090340
GRB091208410_2	1	2.458653	0.060950	5.174345e+01	8.149993e-02	-3.198698
GRB091208410_2	2	2.316431	0.060562	5.132500e+01	8.979457e-02	-100.000000
GRB091208410_2	3	2.266906	0.122920	5.112455e+01	1.161722e-01	-2.989776
GRB100814160_1	0	2.595614	0.024605	5.152726e+01	9.169980e-02	-3.086286
GRB100814160_1	1	2.320113	0.079682	5.130799e+01	1.452057e-01	-2.256153
GRB100906576_1	0	2.756173	0.150708	5.249953e+01	1.581526e-01	-2.353692
GRB100906576_1	1	2.592050	0.062619	5.212674e+01	1.179553e-01	-2.933531
GRB100906576_1	2	2.559308	0.088755	5.185570e+01	1.400871e-01	-3.001217
GRB100906576_1	3	2.106379	0.200161	5.181837e+01	6.722651e-02	-2.029336
GRB100906576_1	4	2.021190	0.171831	5.153673e+01	9.310831e-02	-2.091263
GRB100906576_1	5	2.129411	0.130573	5.122749e+01	1.263752e-01	-2.320477
GRB110102788_1	0	2.924536	0.053128	5.220354e+01	1.696159e-01	-2.967376
GRB110102788_1	1	2.823727	0.081467	5.195621e+01	2.091231e-01	-2.899862
GRB110102788_2	0	3.278598	0.064638	5.284549e+01	1.752947e-01	-2.537236
GRB110102788_2	1	3.099593	0.078518	5.241770e+01	2.147521e-01	-2.834238
GRB110102788_2	2	2.830600	0.126802	5.202991e+01	2.407482e-01	-2.858539
GRB110102788_2	3	2.729843	0.092860	5.155343e+01	1.757899e-01	-3.241101
GRB110102788_3	0	2.203997	0.361894	5.164972e+01	6.820939e-02	-1.912698
GRB110102788_3	1	2.799034	0.070124	5.153666e+01	1.294291e-01	-100.000000
GRB111228657_1	0	1.634219	0.067169	5.067114e+01	4.884774e-02	-2.638954
GRB111228657_2	0	2.287986	0.064123	5.135330e+01	5.666023e-02	-2.769623
GRB111228657_2	1	2.110314	0.091356	5.107035e+01	5.447969e-02	-2.717989
GRB111228657_2	2	1.767380	0.058206	5.070734e+01	3.659669e-02	-3.012083
GRB111228657_2	3	1.984985	0.133531	5.104524e+01	4.334135e-02	-2.462917
GRB111228657_2	4	2.067195	0.101581	5.135180e+01	2.426686e-02	-2.340846
GRB111228657_2	5	1.912877	0.100102	5.100556e+01	5.101637e-02	-3.202390
GRB111228657_2	6	1.357244	0.151342	5.090678e+01	2.084282e-02	-2.165255
GRB111228657_2	7	1.635256	0.103853	5.046503e+01	4.808244e-02	-2.815133
GRB111228657_3	0	2.009520	0.059087	5.115529e+01	3.121793e-02	-2.755787
GRB111228657_3	1	1.396954	0.064749	5.086357e+01	1.741321e-02	-2.473766
GRB111228657_3	2	1.504447	0.055469	5.054027e+01	2.306145e-02	-3.233006
GRB111228657_3	3	1.300316	0.046730	5.045558e+01	2.164899e-02	-3.423394
GRB140508128_1	0	2.878112	0.052499	5.278015e+01	3.976575e-02	-2.255405
GRB140508128_1	1	2.903748	0.035457	5.286946e+01	3.336963e-02	-2.503191
GRB140508128_1	2	2.889056	0.024729	5.286679e+01	3.272099e-02	-2.697714
GRB140508128_1	3	2.824739	0.121494	5.277309e+01	5.698505e-02	-2.195252
GRB140508128_1	4	2.876287	0.058931	5.223925e+01	8.516903e-02	-100.000000
GRB140508128_1	5	2.741708	0.055977	5.218210e+01	6.343443e-02	-2.501285
GRB140508128_1	6	2.748309	0.175848	5.194703e+01	1.262620e-01	-2.924694
GRB140508128_1	7	2.589799	0.115405	5.183920e+01	8.754135e-02	-2.337231
GRB140508128_1	8	2.526408	0.062671	5.145292e+01	7.897933e-02	-2.768424
GRB140508128_1	9	2.417716	0.181506	5.112887e+01	1.485253e-01	-3.004219
GRB140508128_1	10	2.497627	0.332771	5.094575e+01	2.699645e-01	-2.506563
GRB140508128_1	11	2.760583	0.115861	5.121696e+01	1.542054e-01	-100.000000
GRB140508128_2	0	2.637539	0.052568	5.226662e+01	4.612672e-02	-2.407783
GRB140508128_2	1	2.605667	0.019334	5.225498e+01	2.957200e-02	-3.227085
GRB140508128_2	2	2.182078	0.181507	5.193006e+01	5.376272e-02	-2.430820
GRB140508128_2	3	2.245163	0.124912	5.173488e+01	7.687104e-02	-2.310580
GRB140508128_2	4	2.030551	0.139049	5.129178e+01	8.097815e-02	-2.375544
GRB140508128_2	5	3.150692	0.536511	5.143505e+01	3.579023e-01	-2.776027
GRB140508128_3	0	2.581250	0.103403	5.213712e+01	5.019663e-02	-2.306418
GRB140508128_3	1	2.308374	0.071922	5.168068e+01	9.336447e-02	-3.339909
GRB140508128_3	2	1.998718	0.133414	5.150868e+01	3.834707e-02	-2.162833
GRB140508128_3	3	1.909244	0.308203	5.102868e+01	6.795094e-02	-1.995538
GRB140508128_4	0	2.245423	0.082635	5.139516e+01	1.003055e-01	-3.301244
GRB140508128_4	1	2.035595	0.051213	5.102073e+01	8.124231e-02	-3.486127
GRB160509374_1	0	3.064239	0.164492	5.144038e+01	2.282898e-01	-100.000000
GRB160509374_1	1	2.926797	0.203620	5.196264e+01	1.534956e-01	-2.139088
GRB160509374_1	2	2.868292	0.172345	5.170657e+01	1.325581e-01	-2.420676
GRB160509374_2	0	2.904119	0.049336	5.284998e+01	2.779084e-02	-2.021907
GRB160509374_2	1	2.938464	0.045782	5.299517e+01	3.116117e-02	-2.149956
GRB160509374_2	2	2.892661	0.027845	5.305379e+01	2.709573e-02	-2.260597
GRB160509374_2	3	2.879478	0.041567	5.292638e+01	4.622736e-02	-2.312548
GRB160509374_2	4	2.861110	0.037429	5.281078e+01	3.152080e-02	-2.252857
GRB160509374_2	5	2.857349	0.016255	5.287016e+01	1.640488e-02	-2.301623
GRB160509374_2	6	2.896078	0.020559	5.301192e+01	1.694454e-02	-2.153331
GRB160509374_2	7	2.926661	0.033981	5.301522e+01	1.478756e-02	-1.905473
GRB160509374_2	8	2.871145	0.044213	5.277226e+01	3.977663e-02	-2.129864
GRB160509374_2	9	2.762964	0.062167	5.270811e+01	3.597905e-02	-1.936242
GRB160509374_2	10	2.720430	0.052347	5.254822e+01	2.873600e-02	-2.017669
GRB160509374_2	11	2.829962	0.059243	5.231091e+01	8.393769e-02	-2.344736
GRB160509374_2	12	2.763392	0.099038	5.221039e+01	7.276291e-02	-2.228101
GRB160509374_2	13	2.864447	0.066535	5.204058e+01	9.132921e-02	-2.481144
GRB160509374_2	14	2.778282	0.074725	5.184408e+01	9.804596e-02	-2.557850
GRB160509374_2	15	2.731471	0.107327	5.175222e+01	1.187776e-01	-2.307823
GRB160509374_2	16	2.619605	0.106179	5.153522e+01	9.602686e-02	-2.223534
GRB160509374_2	17	2.752898	0.171766	5.132989e+01	1.302034e-01	-2.334152
GRB160509374_2	18	1.817158	0.108531	5.100886e+01	2.119892e-02	-1.743403
GRB160509374_3	0	4.269727	0.084643	5.177563e+01	3.090927e-01	-2.087338
GRB160509374_3	1	3.676142	0.369822	5.175830e+01	2.333984e-01	-2.077929
GRB160509374_3	2	2.467540	0.760109	5.121117e+01	4.033785e-02	-1.661761
GRB160509374_3	3	3.801660	0.275489	5.141238e+01	9.209617e-02	-1.650115
GRB160625945_1	0	2.282109	0.018436	5.212687e+01	3.856613e-02	-100.000000
GRB160625945_1	1	2.220867	0.013813	5.189863e+01	3.201668e-02	-100.000000
