,GRB_name,timebin,ep_obs,ep_err,lum_obs,lum_err,beta
0,GRB081118876,0,2.544249,0.037431,52.00607,0.13595379999999999,-2.923582
1,GRB081118876,1,2.2886290000000002,0.054765999999999995,51.71503,0.1214091,-2.987214
2,GRB081221681,0,2.536952,0.013304,52.39123,0.0486165,-3.6451379999999998
3,GRB081221681,1,2.51211,0.012046,52.11867,0.03578945,-100.0
4,GRB081221681,2,2.543166,0.021539,52.38309,0.05571701,-3.5039260000000003
5,GRB081221681,3,2.377268,0.010671,52.16685,0.03074642,-3.5944540000000003
6,GRB081221681,4,2.3538959999999998,0.021659,52.08332,0.05138287,-3.4587559999999997
7,GRB081221681,5,2.277135,0.067362,52.07232,0.09428806,-2.833727
8,GRB081221681,6,2.241723,0.043383,51.81649,0.07868201,-3.3473330000000003
9,GRB081221681,7,2.157517,0.027904,51.60327,0.06024599,-3.364735
10,GRB081221681,8,2.0431790000000003,0.031766,50.98297,0.1114017,-100.0
12,GRB081222204,1,3.121051,0.13789200000000001,52.47241999999999,0.2734933,-2.901995
13,GRB081222204,2,2.831913,0.030154000000000004,52.40345,0.1321211,-2.945432
14,GRB081222204,3,2.688727,0.044992000000000004,51.73338,0.1434193,-100.0
15,GRB081222204,4,2.476375,0.13786500000000002,51.85569,0.14631429999999998,-2.277731
16,GRB090926914,0,2.3711330000000004,0.023865,51.1664,0.05390312,-3.459833
17,GRB090926914,1,2.184811,0.021127,50.8681,0.0501925,-3.5979970000000003
18,GRB090926914,2,2.131437,0.049789,50.66053,0.07523232,-3.160225
19,GRB100728439,0,2.532832,0.088008,52.05813,0.13538,-2.169752
20,GRB100816026,0,2.393869,0.026439999999999998,51.58893,0.03661296,-2.682299
21,GRB110213220,0,2.443066,0.097204,51.67708,0.11521860000000002,-2.700974
22,GRB110213220,1,2.307512,0.066729,51.92918,0.06999135,-2.81409
23,GRB110213220,2,2.1825799999999997,0.08565299999999999,51.740520000000004,0.07428968,-2.847714
24,GRB110213220,3,2.082862,0.104546,51.61529,0.07356037,-2.4306
25,GRB110213220,4,1.782663,0.20363900000000001,51.41185,0.02976598,-2.0573330000000003
26,GRB110213220,5,1.8814369999999998,0.087639,51.085,0.06538094,-2.608071
27,GRB120326056,0,2.034669,0.439673,52.19443,0.3078679,-2.639452
28,GRB120326056,1,2.022753,0.054884,51.38752,0.08232833,-2.792777
29,GRB120326056,2,1.952977,0.10482999999999999,51.18205,0.11463179999999999,-2.9642939999999998
30,GRB120729456,0,2.480785,0.168985,50.96785,0.13297550000000002,-2.048035
32,GRB120811649,0,2.162969,0.048331,51.952420000000004,0.07670446,-2.505937
33,GRB131011741,0,2.992891,0.086497,51.99692,0.1932152,-2.4774580000000004
38,GRB140808038,0,2.8195360000000003,0.084262,52.47063000000001,0.29009559999999995,-2.652831
39,GRB140808038,1,2.751299,0.028954,52.3568,0.1527738,-3.2157720000000003
40,GRB140808038,2,2.6351869999999997,0.04481,52.00373,0.1522296,-3.3731379999999995
42,GRB141028455,1,3.179783,0.080738,53.16036999999999,0.1176789,-2.27809
44,GRB141028455,3,3.119,0.032041,53.09766,0.06300318,-2.220754
46,GRB141028455,5,2.962277,0.08166799999999999,52.4803,0.1875765,-2.506607
48,GRB141028455,7,2.7000450000000003,0.14366800000000002,52.18473,0.1273283,-2.0306290000000002
49,GRB141028455,8,2.733716,0.154387,51.73063,0.20246029999999998,-2.355337
50,GRB091020900,0,3.246972,0.11700999999999999,51.91519,0.18956800000000001,-100.0
52,GRB091020900,2,2.658995,0.457863,51.419709999999995,0.20961149999999998,-2.632886
53,GRB100704149,0,2.627902,0.100245,52.36457,0.2011775,-2.302604
54,GRB130518580,0,3.239484,0.039427,53.615730000000006,0.05186087,-2.216568
55,GRB130518580,1,3.229584,0.045398,53.739059999999995,0.04122584,-2.113154
56,GRB130518580,2,3.1699509999999997,0.036715,53.39982,0.08380941,-2.474599
57,GRB130518580,3,3.088298,0.046423,53.034330000000004,0.1352724,-2.966516
58,GRB130518580,4,3.270624,0.036538,53.002959999999995,0.09135786,-100.0
59,GRB130518580,5,3.143237,0.030536,52.88024,0.0857727,-100.0
60,GRB130518580,6,3.0885130000000003,0.041416,53.05948000000001,0.1317612,-2.707776
61,GRB130518580,7,3.034987,0.049216,53.0778,0.1071772,-2.284294
62,GRB130518580,8,3.040962,0.07721499999999999,52.6671,0.1735779,-2.8916169999999997
63,GRB130518580,9,2.847338,0.07482799999999999,52.40303,0.18215789999999998,-2.689972
64,GRB130518580,10,3.001027,0.107953,52.190529999999995,0.2539053,-2.604763
65,GRB130518580,11,2.9663720000000002,0.10844100000000001,51.5761,0.2131882,-100.0
66,GRB130518580,12,2.870135,0.441468,51.75168,0.2810312,-2.47752
67,GRB130518580,13,2.823399,0.19273099999999999,51.69458,0.2630708,-2.9346509999999997
68,GRB120119170,0,2.882384,0.0451,52.491969999999995,0.08739197,-2.347947
69,GRB120119170,1,2.68378,0.050381999999999996,52.23604,0.0867988,-2.419131
70,GRB120119170,2,2.858291,0.064802,52.43241999999999,0.1140962,-2.3397080000000003
71,GRB120119170,3,2.740733,0.076769,52.0345,0.1453169,-2.7361869999999997
72,GRB120119170,4,2.4876669999999996,0.122424,51.96998,0.09053765,-2.214493
73,GRB120119170,5,2.519017,0.10922,51.70897,0.1706443,-2.437979
74,GRB120119170,6,2.536088,0.052033,51.75179,0.09148238,-2.60157
75,GRB120119170,7,2.559978,0.132682,51.58424,0.143087,-2.4211970000000003
76,GRB120119170,8,2.4167799999999997,0.358743,51.34748,0.1231616,-2.138958
77,GRB081126899_1,0,3.1229419999999997,0.038772,51.993520000000004,0.11417939999999999,-100.0
78,GRB081126899_2,0,3.0785259999999997,0.05472899999999999,51.777229999999996,0.1328547,-100.0
79,GRB091208410_1,0,2.5613200000000003,0.23395700000000003,51.58703,0.14362879999999997,-2.1772240000000003
80,GRB091208410_1,1,1.8913400000000002,0.08394,51.1095,0.0468722,-2.3915610000000003
81,GRB091208410_2,0,2.537386,0.10961800000000001,52.25509,0.07362274,-2.0903400000000003
82,GRB091208410_2,1,2.458653,0.06095,51.74345,0.08149993,-3.198698
83,GRB091208410_2,2,2.316431,0.060562,51.325,0.08979457,-100.0
84,GRB091208410_2,3,2.266906,0.12292,51.12455,0.1161722,-2.989776
85,GRB100814160_1,0,2.595614,0.024605000000000002,51.52726,0.0916998,-3.086286
86,GRB100814160_1,1,2.320113,0.079682,51.307990000000004,0.1452057,-2.256153
87,GRB100906576_1,0,2.756173,0.15070799999999998,52.49953000000001,0.1581526,-2.3536919999999997
88,GRB100906576_1,1,2.59205,0.06261900000000001,52.126740000000005,0.11795530000000001,-2.9335310000000003
89,GRB100906576_1,2,2.559308,0.088755,51.8557,0.14008710000000002,-3.001217
90,GRB100906576_1,3,2.106379,0.20016099999999998,51.81837,0.06722651,-2.0293360000000003
91,GRB100906576_1,4,2.0211900000000003,0.17183099999999998,51.53673,0.09310831,-2.091263
92,GRB100906576_1,5,2.129411,0.130573,51.22749,0.1263752,-2.320477
93,GRB110102788_1,0,2.9245360000000002,0.053127999999999995,52.203540000000004,0.1696159,-2.967376
94,GRB110102788_1,1,2.823727,0.081467,51.95621,0.20912310000000003,-2.8998619999999997
95,GRB110102788_2,0,3.278598,0.064638,52.845490000000005,0.17529470000000003,-2.537236
96,GRB110102788_2,1,3.099593,0.07851799999999999,52.4177,0.21475210000000003,-2.834238
97,GRB110102788_2,2,2.8306,0.126802,52.02991,0.2407482,-2.858539
98,GRB110102788_2,3,2.7298430000000002,0.09286,51.55343,0.1757899,-3.241101
100,GRB110102788_3,1,2.799034,0.070124,51.53666,0.12942910000000002,-100.0
101,GRB111228657_1,0,1.634219,0.067169,50.67114,0.04884774,-2.638954
102,GRB111228657_2,0,2.287986,0.064123,51.3533,0.05666023,-2.769623
103,GRB111228657_2,1,2.110314,0.09135599999999999,51.07035,0.05447969,-2.7179889999999998
104,GRB111228657_2,2,1.76738,0.058205999999999994,50.70734,0.03659669,-3.012083
105,GRB111228657_2,3,1.9849849999999998,0.13353099999999998,51.04524,0.04334135,-2.462917
106,GRB111228657_2,4,2.067195,0.10158099999999999,51.3518,0.02426686,-2.340846
107,GRB111228657_2,5,1.912877,0.100102,51.005559999999996,0.05101637,-3.2023900000000003
108,GRB111228657_2,6,1.3572440000000001,0.151342,50.90678,0.02084282,-2.1652549999999997
109,GRB111228657_2,7,1.635256,0.103853,50.46503,0.04808244,-2.8151330000000003
110,GRB111228657_3,0,2.00952,0.059087,51.15529,0.03121793,-2.7557869999999998
111,GRB111228657_3,1,1.396954,0.064749,50.86357,0.01741321,-2.473766
112,GRB111228657_3,2,1.5044469999999999,0.055469000000000004,50.54027,0.02306145,-3.233006
113,GRB111228657_3,3,1.300316,0.04673,50.45558,0.02164899,-3.423394
114,GRB140508128_1,0,2.878112,0.052499000000000004,52.78015,0.03976575,-2.255405
115,GRB140508128_1,1,2.9037479999999998,0.035457,52.86946,0.03336963,-2.503191
116,GRB140508128_1,2,2.889056,0.024728999999999998,52.86679,0.03272099,-2.697714
117,GRB140508128_1,3,2.824739,0.121494,52.77309,0.05698505,-2.195252
118,GRB140508128_1,4,2.876287,0.058931,52.23925,0.08516903,-100.0
119,GRB140508128_1,5,2.741708,0.055977,52.1821,0.06343443,-2.5012849999999998
120,GRB140508128_1,6,2.748309,0.175848,51.94703,0.12626199999999999,-2.9246939999999997
121,GRB140508128_1,7,2.589799,0.115405,51.8392,0.08754135,-2.337231
122,GRB140508128_1,8,2.526408,0.062671,51.45292,0.07897933,-2.768424
123,GRB140508128_1,9,2.417716,0.181506,51.12887,0.1485253,-3.004219
124,GRB140508128_1,10,2.497627,0.332771,50.94575,0.2699645,-2.5065630000000003
125,GRB140508128_1,11,2.760583,0.11586099999999999,51.21696,0.1542054,-100.0
126,GRB140508128_2,0,2.637539,0.052568,52.26662,0.04612672,-2.4077830000000002
127,GRB140508128_2,1,2.605667,0.019334,52.254979999999996,0.029572,-3.2270849999999998
128,GRB140508128_2,2,2.1820779999999997,0.181507,51.93006,0.05376272,-2.43082
129,GRB140508128_2,3,2.2451630000000002,0.124912,51.73488,0.07687104,-2.31058
130,GRB140508128_2,4,2.030551,0.139049,51.291779999999996,0.08097815,-2.3755439999999997
131,GRB140508128_2,5,3.150692,0.536511,51.43505,0.35790229999999995,-2.776027
132,GRB140508128_3,0,2.58125,0.103403,52.13712,0.05019663,-2.306418
133,GRB140508128_3,1,2.308374,0.071922,51.680679999999995,0.09336447,-3.3399089999999996
134,GRB140508128_3,2,1.998718,0.133414,51.50868,0.03834707,-2.162833
136,GRB140508128_4,0,2.245423,0.082635,51.39516,0.10030549999999999,-3.301244
137,GRB140508128_4,1,2.0355950000000003,0.051213,51.02073,0.08124231,-3.4861269999999998
138,GRB160509374_1,0,3.064239,0.164492,51.44038,0.22828979999999996,-100.0
139,GRB160509374_1,1,2.926797,0.20362,51.96264,0.1534956,-2.139088
140,GRB160509374_1,2,2.868292,0.172345,51.70657,0.1325581,-2.420676
141,GRB160509374_2,0,2.9041189999999997,0.049336,52.84998,0.02779084,-2.021907
142,GRB160509374_2,1,2.9384639999999997,0.045781999999999996,52.995169999999995,0.03116117,-2.149956
143,GRB160509374_2,2,2.892661,0.027844999999999998,53.05379,0.02709573,-2.260597
144,GRB160509374_2,3,2.8794779999999998,0.041567,52.92638,0.04622736,-2.312548
145,GRB160509374_2,4,2.86111,0.037429000000000004,52.81078,0.0315208,-2.252857
146,GRB160509374_2,5,2.857349,0.016255000000000002,52.87016,0.01640488,-2.3016229999999998
147,GRB160509374_2,6,2.8960779999999997,0.020559,53.011919999999996,0.01694454,-2.153331
149,GRB160509374_2,8,2.8711450000000003,0.044213,52.772259999999996,0.03977663,-2.129864
151,GRB160509374_2,10,2.72043,0.052347000000000005,52.54821999999999,0.028736,-2.0176689999999997
152,GRB160509374_2,11,2.829962,0.059243,52.31091,0.08393769,-2.344736
153,GRB160509374_2,12,2.7633919999999996,0.099038,52.210390000000004,0.07276291,-2.2281009999999997
154,GRB160509374_2,13,2.864447,0.066535,52.04058,0.09132921,-2.481144
155,GRB160509374_2,14,2.778282,0.074725,51.84408,0.09804596,-2.55785
156,GRB160509374_2,15,2.731471,0.10732699999999999,51.75222,0.11877760000000001,-2.307823
157,GRB160509374_2,16,2.619605,0.106179,51.53522,0.09602686,-2.223534
158,GRB160509374_2,17,2.752898,0.171766,51.32989,0.1302034,-2.334152
164,GRB160625945_1,0,2.282109,0.018436,52.126870000000004,0.03856613,-100.0
165,GRB160625945_1,1,2.2208669999999997,0.013812999999999999,51.89863,0.03201668,-100.0
